time, Quad.IMU.AX
0.005000,0.552092
0.010000,0.073916
0.015000,0.523410
0.020000,-0.426318
0.025000,0.916732
0.030000,-0.295733
0.035000,0.183348
0.040000,-0.568596
0.045000,0.310735
0.050000,-1.084774
0.055000,0.001682
0.060000,0.411933
0.065000,-0.798256
0.070000,0.978209
0.075000,0.603226
0.080000,0.183980
0.085000,0.504457
0.090000,0.777246
0.095000,-0.025545
0.100000,0.848193
0.105000,1.066041
0.110000,0.326419
0.115000,0.060760
0.120000,-0.140632
0.125000,-0.100806
0.130000,-1.010759
0.135000,-0.074815
0.140000,0.055965
0.145000,0.396674
0.150000,0.229851
0.155000,-0.638022
0.160000,0.408150
0.165000,-0.111102
0.170000,0.277030
0.175000,0.844289
0.180000,0.023517
0.185000,-0.684383
0.190000,-0.713401
0.195000,-0.052443
0.200000,0.669602
0.205000,-0.684183
0.210000,-0.516607
0.215000,0.141654
0.220000,-0.756897
0.225000,-0.196463
0.230000,0.070891
0.235000,-0.306408
0.240000,-0.256319
0.245000,-0.538890
0.250000,-0.081498
0.255000,-0.684873
0.260000,0.199870
0.265000,-0.259279
0.270000,-0.396678
0.275000,-0.491608
0.280000,0.106491
0.285000,0.271186
0.290000,-0.500170
0.295000,-0.263600
0.300000,-0.010017
0.305000,-0.291262
0.310000,0.621158
0.314999,0.000801
0.319999,0.551764
0.324999,0.539873
0.329999,0.613838
0.334999,-0.093231
0.339999,-0.252294
0.344999,-0.027402
0.349999,-0.608721
0.354999,-0.190092
0.359999,0.132478
0.364999,0.506398
0.369999,1.158686
0.374999,0.258625
0.379999,-0.183913
0.384999,-0.635222
0.389999,0.278846
0.394998,0.167974
0.399998,-0.026450
0.404998,-0.831143
0.409998,0.233970
0.414998,-0.227255
0.419998,0.438437
0.424998,0.099705
0.429998,-0.540653
0.434998,-0.319379
0.439998,-0.208740
0.444998,0.060770
0.449998,-0.979402
0.454998,-1.205346
0.459998,0.050041
0.464998,0.371070
0.469997,-0.551847
0.474997,-0.494700
0.479997,0.898719
0.484997,0.202939
0.489997,-0.610630
0.494997,-0.111989
0.499997,-0.263337
0.504997,0.338222
0.509997,-0.367432
0.514997,0.245917
0.519997,-0.072910
0.524997,0.044082
0.529997,-0.600060
0.534997,0.129469
0.539997,0.422190
0.544997,0.228121
0.549996,-0.585329
0.554996,0.083204
0.559996,-0.471524
0.564996,0.406924
0.569996,-0.867433
0.574996,-0.043692
0.579996,-0.076676
0.584996,-0.064673
0.589996,0.356483
0.594996,0.424745
0.599996,-0.984596
0.604996,0.044034
0.609996,-0.318062
0.614996,0.086288
0.619996,0.338867
0.624996,-0.280385
0.629995,0.485080
0.634995,0.073011
0.639995,-1.083409
0.644995,-0.122003
0.649995,0.287664
0.654995,0.602698
0.659995,-0.100781
0.664995,0.556887
0.669995,0.032084
0.674995,0.166121
0.679995,-0.629514
0.684995,0.029383
0.689995,-0.002613
0.694995,0.559608
0.699995,0.557650
0.704994,-0.245277
0.709994,0.608825
0.714994,-0.273245
0.719994,-0.041558
0.724994,0.728643
0.729994,0.012873
0.734994,0.593536
0.739994,-0.708253
0.744994,0.595050
0.749994,-0.073125
0.754994,-0.238392
0.759994,0.208961
0.764994,0.368689
0.769994,-0.516227
0.774994,0.681217
0.779994,-0.147630
0.784993,-0.183234
0.789993,0.481787
0.794993,-0.996584
0.799993,-0.183094
0.804993,0.084153
0.809993,-0.449884
0.814993,-0.290212
0.819993,-0.233983
0.824993,0.398137
0.829993,0.012073
0.834993,0.263437
0.839993,0.015561
0.844993,0.600045
0.849993,-0.110966
0.854993,-0.127691
0.859993,-0.363094
0.864992,-0.179087
0.869992,-0.478746
0.874992,0.109075
0.879992,-0.091895
0.884992,-0.386339
0.889992,-0.662013
0.894992,-0.686428
0.899992,0.489651
0.904992,0.002859
0.909992,0.214654
0.914992,-0.304688
0.919992,-0.345225
0.924992,-0.230936
0.929992,0.502270
0.934992,-0.414622
0.939991,0.333835
0.944991,-0.205322
0.949991,1.285966
0.954991,-0.627385
0.959991,0.514725
0.964991,1.222066
0.969991,-0.696697
0.974991,0.999880
0.979991,-0.647320
0.984991,0.214641
0.989991,0.671485
0.994991,-0.570436
0.999991,0.282855
1.004991,0.185303
1.009991,0.037157
1.014991,0.964024
1.019992,0.631871
1.024992,-0.070563
1.029992,-0.664297
1.034992,0.022219
1.039993,0.001089
1.044993,-0.046219
1.049993,0.715595
1.054993,-0.074582
1.059994,-0.159308
1.064994,-0.064646
1.069994,-0.295678
1.074994,-0.179057
1.079994,0.550708
1.084995,0.108768
1.089995,-0.138861
1.094995,-0.114273
1.099995,0.446191
1.104996,-0.155235
1.109996,0.491707
1.114996,-0.284985
1.119996,-0.148983
1.124997,-0.379547
1.129997,-0.832960
1.134997,0.322243
1.139997,0.118894
1.144997,-0.367020
1.149998,0.984203
1.154998,0.344459
1.159998,-0.047827
1.164998,-0.418312
1.169999,-0.172893
1.174999,0.413855
1.179999,0.218392
1.184999,-0.500867
1.190000,-0.468193
1.195000,-0.066025
1.200000,-0.193497
1.205000,0.051029
1.210001,0.076797
1.215001,-0.213982
1.220001,-0.838027
1.225001,0.703862
1.230001,0.011922
1.235002,-0.465799
1.240002,-0.535287
1.245002,-0.237012
1.250002,-1.016376
1.255003,0.270953
1.260003,0.936312
1.265003,-0.332376
1.270003,-0.026673
1.275004,0.541856
1.280004,0.477995
1.285004,0.325269
1.290004,-0.866342
1.295004,0.140844
1.300005,0.269106
1.305005,0.092876
1.310005,-0.497626
1.315005,0.082287
1.320006,-0.135889
1.325006,0.396968
1.330006,0.044152
1.335006,-0.232350
1.340007,0.264394
1.345007,-0.400136
1.350007,0.146828
1.355007,-0.710001
1.360008,-0.211426
1.365008,-0.140832
1.370008,-0.267714
1.375008,1.234332
1.380008,-0.549362
1.385009,0.243658
1.390009,-0.105722
1.395009,0.211769
1.400009,0.019619
1.405010,1.201529
1.410010,-0.117592
1.415010,-0.331153
1.420010,0.493121
1.425011,-0.329611
1.430011,0.934558
1.435011,-0.012914
1.440011,-0.099395
1.445011,0.534495
1.450012,0.038830
1.455012,-0.614719
1.460012,-0.175519
1.465012,0.257114
1.470013,0.244495
1.475013,0.718071
1.480013,-0.818384
1.485013,-0.417650
1.490014,0.468634
1.495014,0.598852
1.500014,0.178233
1.505014,0.090396
1.510015,0.486068
1.515015,-0.031101
1.520015,0.195843
1.525015,0.531238
1.530015,0.217052
1.535016,-0.839649
1.540016,0.018923
1.545016,-0.182552
1.550016,0.371521
1.555017,0.199104
1.560017,0.536400
1.565017,0.658310
1.570017,0.391875
1.575018,-0.892086
1.580018,-0.186601
1.585018,-0.637480
1.590018,-0.042639
1.595019,-0.153273
1.600019,-0.762207
1.605019,0.023088
1.610019,0.023154
1.615019,0.116292
1.620020,-1.083120
1.625020,-0.139090
1.630020,-0.454592
1.635020,0.626609
1.640021,0.436076
1.645021,-0.261757
1.650021,-0.582142
1.655021,-0.223488
1.660022,0.173979
1.665022,0.415015
1.670022,0.698568
1.675022,0.637074
1.680022,0.688542
1.685023,0.471353
1.690023,0.630456
1.695023,-0.028249
1.700023,0.031483
1.705024,-0.698469
1.710024,0.184454
1.715024,-0.143626
1.720024,-0.865751
1.725025,-0.170072
1.730025,-0.773510
1.735025,0.022649
1.740025,-0.070990
1.745026,0.307264
1.750026,0.075801
1.755026,-0.399310
1.760026,0.161230
1.765026,-0.069749
1.770027,0.234042
1.775027,-0.696549
1.780027,0.015296
1.785027,0.172504
1.790028,0.271058
1.795028,-0.202699
1.800028,0.465201
1.805028,-0.549648
1.810029,0.047255
1.815029,0.351043
1.820029,0.551615
1.825029,-0.366665
1.830029,0.109288
1.835030,-0.364283
1.840030,-0.543338
1.845030,0.504106
1.850030,0.311722
1.855031,-0.181817
1.860031,-0.764807
1.865031,-0.264224
1.870031,0.549794
1.875032,0.375428
1.880032,0.090375
1.885032,-0.209368
1.890032,-0.821216
1.895033,0.091478
1.900033,-0.155883
1.905033,-1.186734
1.910033,0.403506
1.915033,0.087264
1.920034,-0.603257
1.925034,0.097178
1.930034,0.618578
1.935034,-0.068279
1.940035,0.205875
1.945035,-0.048267
1.950035,0.421844
1.955035,-0.088387
1.960036,-0.410446
1.965036,-0.593050
1.970036,0.533394
1.975036,-0.405456
1.980036,-0.224423
1.985037,0.389564
1.990037,-0.326243
1.995037,0.396798
2.000037,0.178979
2.005037,-0.430371
2.010037,0.334623
2.015036,0.178677
2.020036,0.186528
2.025036,0.179504
2.030035,-0.409289
2.035035,0.561105
2.040035,0.327288
2.045034,-0.525961
2.050034,0.020841
2.055033,0.783886
2.060033,-0.256512
2.065033,-0.377611
2.070032,-0.054809
2.075032,-0.308713
2.080032,-0.437946
2.085031,0.551272
2.090031,0.057780
2.095031,-0.588459
2.100030,0.280887
2.105030,-0.179047
2.110029,0.879105
2.115029,-0.723700
2.120029,-0.309680
2.125028,-0.020165
2.130028,0.728613
2.135028,-0.349319
2.140027,-1.899175
2.145027,0.301267
2.150027,-0.249471
2.155026,0.140530
2.160026,0.486905
2.165025,-0.315616
2.170025,-0.708634
2.175025,-0.445457
2.180024,0.168802
2.185024,0.451804
2.190024,-0.077662
2.195023,0.294357
2.200023,-0.548082
2.205023,0.069512
2.210022,0.711859
2.215022,1.257265
2.220021,-0.274022
2.225021,-0.582703
2.230021,0.396343
2.235020,0.011847
2.240020,0.012420
2.245020,-0.519850
2.250019,-0.658498
2.255019,-0.903489
2.260019,-1.302581
2.265018,-0.140702
2.270018,0.237598
2.275017,0.365798
2.280017,0.802811
2.285017,-0.184511
2.290016,0.106410
2.295016,-0.667368
2.300016,0.960097
2.305015,0.109153
2.310015,0.835411
2.315015,0.408203
2.320014,1.039946
2.325014,0.220656
2.330014,-0.038962
2.335013,-0.120851
2.340013,-0.466303
2.345012,0.153328
2.350012,0.730462
2.355012,-0.391674
2.360011,0.290080
2.365011,-0.768132
2.370011,0.690970
2.375010,0.184267
2.380010,-0.093513
2.385010,-1.260823
2.390009,-0.393245
2.395009,0.003830
2.400008,0.092291
2.405008,-0.059148
2.410008,-0.289052
2.415007,-0.120901
2.420007,0.538950
2.425007,0.320329
2.430006,0.587072
2.435006,-0.387163
2.440006,-0.180249
2.445005,0.198735
2.450005,-0.091240
2.455004,0.661556
2.460004,0.418106
2.465004,-0.921285
2.470003,-0.648416
2.475003,-0.416566
2.480003,0.204086
2.485002,0.089073
2.490002,-0.928432
2.495002,-0.229365
2.500001,0.025896
2.505001,0.248973
2.510000,-0.039829
2.515000,-0.428299
2.520000,-0.043946
2.524999,-0.500797
2.529999,0.208880
2.534999,-0.645270
2.539998,0.085299
2.544998,0.077745
2.549998,-0.281560
2.554997,-0.311179
2.559997,-0.142969
2.564996,-0.126232
2.569996,-0.957400
2.574996,0.137226
2.579995,-0.286954
2.584995,0.306208
2.589995,0.452554
2.594994,-0.817943
2.599994,0.517938
2.604994,0.762536
2.609993,0.520484
2.614993,1.266834
2.619992,-0.148048
2.624992,0.828112
2.629992,-0.361748
2.634991,-0.569760
2.639991,0.864228
2.644991,0.625825
2.649990,0.000360
2.654990,-0.202531
2.659990,0.365950
2.664989,0.282895
2.669989,-0.127537
2.674989,0.715517
2.679988,-0.734724
2.684988,-0.674503
2.689987,0.282249
2.694987,-0.592763
2.699987,-0.041160
2.704986,-0.592629
2.709986,0.258453
2.714986,-0.776478
2.719985,0.410713
2.724985,-0.359789
2.729985,0.588483
2.734984,0.409509
2.739984,-0.091974
2.744983,-0.572666
2.749983,-0.071897
2.754983,0.411631
2.759982,-0.583265
2.764982,0.033528
2.769982,0.209641
2.774981,0.264434
2.779981,0.626904
2.784981,0.490634
2.789980,-0.208474
2.794980,-0.115839
2.799979,0.027256
2.804979,-0.184749
2.809979,-0.376631
2.814978,0.059993
2.819978,0.156784
2.824978,-0.492833
2.829977,0.762582
2.834977,0.262705
2.839977,0.574846
2.844976,0.828749
2.849976,-0.424403
2.854975,-0.118768
2.859975,-0.025452
2.864975,-0.902049
2.869974,0.736622
2.874974,-0.461557
2.879974,0.185978
2.884973,0.354472
2.889973,-0.260586
2.894973,-0.167442
2.899972,0.573912
2.904972,-0.031567
2.909971,0.773575
2.914971,0.258033
2.919971,0.274281
2.924970,0.184511
2.929970,-0.605538
2.934970,-0.204012
2.939969,-0.056668
2.944969,-0.285557
2.949969,0.200097
2.954968,0.205693
2.959968,-0.846970
2.964967,0.174334
2.969967,0.017797
2.974967,0.470916
2.979966,-0.260504
2.984966,-0.450010
2.989966,-0.156183
2.994965,0.975715
2.999965,-1.218290
3.004965,0.334874
3.009964,0.824169
3.014964,-0.295024
3.019964,-0.358093
3.024963,0.243747
3.029963,-0.240522
3.034962,-0.438060
3.039962,0.100843
3.044962,0.051182
3.049961,0.596385
3.054961,-0.271692
3.059961,-0.440111
3.064960,-0.050525
3.069960,0.301217
3.074960,0.154038
3.079959,-0.552465
3.084959,0.424895
3.089958,-0.017956
3.094958,-1.007210
3.099958,-0.473026
3.104957,-0.348624
3.109957,0.038119
3.114957,0.058262
3.119956,-0.823576
3.124956,0.060999
3.129956,0.891918
3.134955,0.966716
3.139955,-0.072095
3.144954,-0.747064
3.149954,-1.083450
3.154954,0.441419
3.159953,-0.042977
3.164953,-0.270639
3.169953,-0.545902
3.174952,0.006986
3.179952,0.161139
3.184952,-0.711525
3.189951,-0.344656
3.194951,0.791910
3.199950,-0.311849
3.204950,-0.461591
3.209950,0.646614
3.214949,0.289348
3.219949,-0.623757
3.224949,0.194781
3.229948,0.145985
3.234948,0.425629
3.239948,-0.512819
3.244947,-0.054646
3.249947,0.175396
3.254946,-0.197293
3.259946,-0.027913
3.264946,-0.706197
3.269945,-0.564773
3.274945,0.598811
3.279945,-0.918053
3.284944,-0.274162
3.289944,-0.165007
3.294944,-0.274546
3.299943,-0.313662
3.304943,-0.257181
3.309942,0.030098
3.314942,0.704182
3.319942,-1.024010
3.324941,-0.003602
3.329941,0.784356
3.334941,-0.210274
3.339940,-0.594819
3.344940,0.037726
3.349940,-0.200997
3.354939,-0.443298
3.359939,-0.753281
3.364938,-0.078075
3.369938,-0.534929
3.374938,0.300697
3.379937,-0.002629
3.384937,-0.369927
3.389937,-0.985642
3.394936,-0.403055
3.399936,-0.696433
3.404936,0.726641
3.409935,0.070702
3.414935,0.039792
3.419935,0.354618
3.424934,0.710425
3.429934,-0.002768
3.434933,0.154208
3.439933,1.389390
3.444933,-0.155455
3.449932,-0.051434
3.454932,-0.172771
3.459932,0.479313
3.464931,-0.535868
3.469931,-0.352672
3.474931,0.947912
3.479930,-0.529271
3.484930,0.070346
3.489929,-0.287846
3.494929,0.129225
3.499929,0.250637
3.504928,-0.567355
3.509928,-0.547301
3.514928,-0.839222
3.519927,-0.629507
3.524927,0.636125
3.529927,-0.522102
3.534926,-0.239337
3.539926,-0.802518
3.544925,-0.289116
3.549925,-0.062387
3.554925,0.298549
3.559924,0.292405
3.564924,0.147492
3.569924,-0.191317
3.574923,0.026023
3.579923,-0.569058
3.584923,0.678370
3.589922,-0.718928
3.594922,0.078647
3.599921,0.479369
3.604921,0.366408
3.609921,0.835586
3.614920,0.195632
3.619920,0.094450
3.624920,-0.596400
3.629919,-1.101403
3.634919,0.895884
3.639919,0.719517
3.644918,0.169983
3.649918,-0.788163
3.654917,0.139014
3.659917,0.190782
3.664917,0.739092
3.669916,-0.274930
3.674916,0.089389
3.679916,-0.193162
3.684915,0.434144
3.689915,-0.617059
3.694915,0.097181
3.699914,-0.947893
3.704914,-1.077096
3.709913,1.390884
3.714913,0.666639
3.719913,-0.324115
3.724912,0.244329
3.729912,0.025405
3.734912,0.134566
3.739911,-0.564259
3.744911,0.418462
3.749911,0.519046
3.754910,0.321233
3.759910,-0.315918
3.764910,0.503640
3.769909,-0.026354
3.774909,0.506099
3.779908,0.167113
3.784908,-0.717368
3.789908,0.841520
3.794907,0.231469
3.799907,0.219236
3.804907,1.106196
3.809906,-0.980040
3.814906,-0.112072
3.819906,-0.619032
3.824905,0.575834
3.829905,-0.251502
3.834904,-0.548532
3.839904,-0.528240
3.844904,0.820456
3.849903,0.970434
3.854903,-0.196241
3.859903,-0.546310
3.864902,0.180222
3.869902,0.182228
3.874902,0.750754
3.879901,-0.495655
3.884901,-0.231387
3.889900,-0.837479
3.894900,0.300098
3.899900,0.240319
3.904899,-0.671889
3.909899,0.298448
3.914899,0.502621
3.919898,-0.687119
3.924898,0.433231
3.929898,-0.192075
3.934897,0.111848
3.939897,0.183500
3.944896,-0.221127
3.949896,-0.458638
3.954896,0.004770
3.959895,-0.816625
3.964895,-0.462992
3.969895,-0.411895
3.974894,0.205129
3.979894,0.399570
3.984894,-0.443860
3.989893,-0.142749
3.994893,0.984990
3.999892,-0.187689
4.004892,0.177069
4.009892,0.715158
4.014892,0.079714
4.019891,-0.470881
4.024891,0.620441
4.029891,-0.268428
4.034890,-0.285633
4.039890,-0.698575
4.044889,-0.415915
4.049889,-0.712984
4.054889,0.352696
4.059888,-0.112512
4.064888,-0.668583
4.069888,-0.174910
4.074887,0.216675
4.079887,-0.151094
4.084887,-0.064258
4.089886,0.588141
4.094886,-0.230481
4.099885,0.081076
4.104885,0.036635
4.109885,-0.214900
4.114884,-0.016845
4.119884,-0.126665
4.124884,-0.914287
4.129883,-0.350940
4.134883,0.141771
4.139883,-0.582525
4.144882,-0.589999
4.149882,0.999181
4.154881,0.700328
4.159881,0.413692
4.164881,-0.135368
4.169880,-0.562373
4.174880,0.170577
4.179880,0.418973
4.184879,-0.303806
4.189879,0.406451
4.194879,-0.370057
4.199878,-0.225516
4.204878,-0.864766
4.209877,0.407524
4.214877,-0.089710
4.219877,0.741300
4.224876,0.582822
4.229876,0.581037
4.234876,-0.426793
4.239875,0.795242
4.244875,-0.115687
4.249875,0.629463
4.254874,-0.643816
4.259874,-0.317324
4.264874,0.266781
4.269873,0.049860
4.274873,-0.016615
4.279872,0.153204
4.284872,-0.161125
4.289872,-0.201143
4.294871,0.387387
4.299871,-0.184521
4.304871,0.219836
4.309870,-0.925451
4.314870,-0.535989
4.319870,-0.845061
4.324869,0.287118
4.329869,0.325785
4.334868,-0.145174
4.339868,0.685328
4.344868,-0.446888
4.349867,-0.305722
4.354867,0.522755
4.359867,-0.067692
4.364866,0.042699
4.369866,-0.363266
4.374866,0.006649
4.379865,-0.059644
4.384865,0.126222
4.389864,-0.548367
4.394864,0.589318
4.399864,0.338693
4.404863,0.961206
4.409863,0.289702
4.414863,0.624753
4.419862,-0.307984
4.424862,-0.398299
4.429862,-0.008667
4.434861,-1.260172
4.439861,0.554973
4.444860,-0.169813
4.449860,0.549304
4.454860,-0.428493
4.459859,-0.241883
4.464859,0.678638
4.469859,0.038040
4.474858,-0.765732
4.479858,-0.600527
4.484858,-0.739772
4.489857,-0.367214
4.494857,-0.466463
4.499856,0.604464
4.504856,0.248857
4.509856,0.243583
4.514855,-0.428590
4.519855,-0.460224
4.524855,-0.043558
4.529854,-0.148443
4.534854,-0.457845
4.539854,-0.949901
4.544853,0.683432
4.549853,0.046516
4.554852,-0.451594
4.559852,-0.159182
4.564852,-0.051369
4.569851,0.141756
4.574851,-0.504858
4.579851,0.745150
4.584850,-0.373104
4.589850,-0.167775
4.594850,1.515913
4.599849,-0.631539
4.604849,-0.322144
4.609848,0.842696
4.614848,0.220149
4.619848,-0.413199
4.624847,-0.019204
4.629847,0.064859
4.634847,0.299725
4.639846,-0.085196
4.644846,0.355917
4.649846,-0.108615
4.654845,-0.770100
4.659845,0.152234
4.664845,-0.369980
4.669844,0.131552
4.674844,0.229633
4.679843,0.224766
4.684843,-0.337076
4.689843,1.268526
4.694842,-0.740873
4.699842,-0.694595
4.704842,-1.053206
4.709841,0.061479
4.714841,-0.816220
4.719841,0.618894
4.724840,-0.954355
4.729840,-0.716197
4.734839,0.172481
4.739839,0.331629
4.744839,-0.570049
4.749838,-0.286793
4.754838,0.345752
4.759838,0.113423
4.764837,-0.216091
4.769837,-0.033929
4.774837,0.025825
4.779836,-0.314239
4.784836,-1.351881
4.789835,-0.345090
4.794835,-0.035884
4.799835,0.469775
4.804834,0.270906
4.809834,-0.181048
4.814834,-0.239021
4.819833,0.230002
4.824833,0.844120
4.829833,-0.539890
4.834832,-0.636812
4.839832,0.154416
4.844831,0.304149
4.849831,0.275252
4.854831,-0.384251
4.859830,-0.423727
4.864830,0.165877
4.869830,-0.400628
4.874829,0.600292
4.879829,-0.440900
4.884829,0.534012
4.889828,0.072913
4.894828,0.605371
4.899827,-0.091221
4.904827,-0.019363
4.909827,0.027955
4.914826,1.077655
4.919826,-0.076995
4.924826,-0.093757
4.929825,-0.240868
4.934825,0.839409
4.939825,-0.840711
4.944824,-0.278960
4.949824,0.031364
4.954823,-0.346958
4.959823,0.640192
4.964823,0.366248
4.969822,0.450330
4.974822,0.164239
4.979822,-0.135102
4.984821,-0.888258
4.989821,0.197712
4.994821,-0.298825
4.999820,-0.342961
5.004820,0.172928
5.009820,-0.334828
5.014819,-0.479225
5.019819,0.350857
5.024818,-0.355129
5.029818,0.062223
5.034818,-0.373469
5.039817,0.813923
5.044817,0.444193
5.049817,0.755805
5.054816,0.143029
5.059816,0.001065
5.064816,0.459835
5.069815,-0.324298
5.074815,0.299882
5.079814,-0.276278
5.084814,0.306226
5.089814,-0.635116
5.094813,-0.169373
5.099813,0.113254
5.104813,-0.186620
5.109812,-0.185637
5.114812,-0.283485
5.119812,-0.139192
5.124811,0.338052
5.129811,0.172802
5.134810,0.520699
5.139810,-0.302103
5.144810,-0.595848
5.149809,0.161264
5.154809,-0.957284
5.159809,0.795956
5.164808,0.556649
5.169808,0.088112
5.174808,0.391624
5.179807,-0.784581
5.184807,-0.343160
5.189806,0.604124
5.194806,0.078975
5.199806,0.677757
5.204805,0.132738
5.209805,0.047222
5.214805,-1.389900
5.219804,0.521458
5.224804,-0.668230
5.229804,0.184966
5.234803,-0.438433
5.239803,0.680385
5.244802,-0.007258
5.249802,0.029958
5.254802,-0.320130
5.259801,0.078395
5.264801,0.187336
5.269801,-0.360488
5.274800,0.072788
5.279800,0.489024
5.284800,0.094712
5.289799,0.291633
5.294799,0.597442
5.299798,-0.131253
5.304798,-0.948431
5.309798,0.507134
5.314797,-0.020531
5.319797,-0.733759
5.324797,-0.195919
5.329796,0.253250
5.334796,0.386696
5.339796,-0.002343
5.344795,-0.399639
5.349795,0.316939
5.354795,-1.080426
5.359794,0.063646
5.364794,0.876299
5.369793,0.882104
5.374793,0.313046
5.379793,-0.197664
5.384792,0.689630
5.389792,0.742693
5.394792,-0.560869
5.399791,-0.068778
5.404791,0.042520
5.409791,0.379537
5.414790,0.352541
5.419790,0.743238
5.424789,-0.416033
5.429789,0.392152
5.434789,0.021357
5.439788,-0.429749
5.444788,-0.694949
5.449788,-0.022681
5.454787,0.460157
5.459787,-1.121962
5.464787,0.694532
5.469786,-0.178748
5.474786,0.001229
5.479785,-0.759611
5.484785,0.421512
5.489785,-0.172760
5.494784,0.578850
5.499784,-0.185059
5.504784,0.202645
5.509783,-0.015079
5.514783,0.493468
5.519783,-0.339804
5.524782,1.031145
5.529782,0.499394
5.534781,-0.353114
5.539781,0.107377
5.544781,-0.173624
5.549780,-1.375875
5.554780,0.141730
5.559780,-0.167362
5.564779,-0.041758
5.569779,-0.224393
5.574779,-0.303868
5.579778,-0.525599
5.584778,-0.504443
5.589777,-0.580614
5.594777,0.164791
5.599777,0.058785
5.604776,-0.043468
5.609776,-0.288229
5.614776,-0.026672
5.619775,-1.219953
5.624775,-0.064703
5.629775,-0.301610
5.634774,0.084575
5.639774,-0.043941
5.644773,0.058721
5.649773,-0.556832
5.654773,0.383746
5.659772,0.195946
5.664772,-0.136899
5.669772,-0.711667
5.674771,0.065726
5.679771,-0.145861
5.684771,1.174451
5.689770,-0.274493
5.694770,0.586248
5.699769,0.530839
5.704769,-0.402018
5.709769,-1.294961
5.714768,1.023375
5.719768,-0.603974
5.724768,0.690592
5.729767,-0.121729
5.734767,-0.045342
5.739767,0.354325
5.744766,-0.610000
5.749766,-0.384905
5.754766,-0.732767
5.759765,0.143421
5.764765,-0.581773
5.769764,-0.443271
5.774764,-0.091812
5.779764,0.352694
5.784763,1.174032
5.789763,-0.605024
5.794763,0.259337
5.799762,0.012626
5.804762,-0.067220
5.809762,0.328287
5.814761,0.339901
5.819761,-0.596658
5.824760,0.213555
5.829760,0.191782
5.834760,-0.352299
5.839759,0.029358
5.844759,0.331191
5.849759,0.582733
5.854758,0.723037
5.859758,-1.159422
5.864758,0.115935
5.869757,1.370935
5.874757,-0.416047
5.879756,-0.619304
5.884756,0.732105
5.889756,0.279008
5.894755,0.534020
5.899755,0.233572
5.904755,-0.536409
5.909754,0.065950
5.914754,-0.673251
5.919754,0.212808
5.924753,0.355311
5.929753,-0.029944
5.934752,0.311888
5.939752,-0.126960
5.944752,0.111827
5.949751,-0.346875
5.954751,0.232987
5.959751,-0.386507
5.964750,-0.106144
5.969750,-0.134934
5.974750,-0.377081
5.979749,-0.415215
5.984749,-0.054915
5.989748,-0.321406
5.994748,0.268128
5.999748,0.678460
6.004747,0.957702
6.009747,0.841461
6.014747,-1.073497
6.019746,-0.198709
6.024746,0.329569
6.029746,-0.733775
6.034745,-0.138425
6.039745,0.401970
6.044744,0.115063
6.049744,-0.041283
6.054744,-0.292033
6.059743,-0.665316
6.064743,-0.172524
6.069743,0.687481
6.074742,-1.008285
6.079742,-0.558349
6.084742,-1.118068
6.089741,0.451185
6.094741,-0.297822
6.099741,-0.457062
6.104740,-0.128150
6.109740,-0.325773
6.114739,0.621960
6.119739,0.741681
6.124739,-1.152237
6.129738,-0.570325
6.134738,0.644079
6.139738,-0.255345
6.144737,0.153113
6.149737,0.122187
6.154737,-1.232364
6.159736,-1.140961
6.164736,0.322751
6.169735,-0.542188
6.174735,-0.194519
6.179735,0.324977
6.184734,0.335992
6.189734,-1.817019
6.194734,0.128868
6.199733,0.052362
6.204733,0.296710
6.209733,0.236324
6.214732,-0.162391
6.219732,0.390813
6.224731,0.057660
6.229731,0.273324
6.234731,0.203058
6.239730,-0.269856
6.244730,0.797527
6.249730,0.325779
6.254729,0.833297
6.259729,0.164219
6.264729,-0.158843
6.269728,0.071169
6.274728,0.645571
6.279727,0.690537
6.284727,0.282398
6.289727,-0.168620
6.294726,0.392564
6.299726,-0.141680
6.304726,-0.078988
6.309725,-0.305085
6.314725,0.500136
6.319725,-0.474727
6.324724,0.765161
6.329724,-0.098043
6.334723,-0.667513
6.339723,0.270851
6.344723,-0.962673
6.349722,-0.017228
6.354722,-0.150963
6.359722,-0.778539
6.364721,-0.551482
6.369721,-0.237945
6.374721,0.040444
6.379720,-0.241692
6.384720,-0.870276
6.389719,1.017379
6.394719,-0.019563
6.399719,0.010382
6.404718,-0.379646
6.409718,0.013449
6.414718,0.273255
6.419717,-0.216138
6.424717,0.002581
6.429717,-0.037095
6.434716,-0.216585
6.439716,-0.110193
6.444715,0.091582
6.449715,-0.012854
6.454715,-0.630464
6.459714,-0.129103
6.464714,-0.535579
6.469714,-0.016315
6.474713,0.958319
6.479713,0.043097
6.484713,-0.176826
6.489712,0.550343
6.494712,-0.512669
6.499712,-0.177508
6.504711,0.262005
6.509711,0.073721
6.514710,0.231969
6.519710,-0.551827
6.524710,0.140975
6.529709,0.980826
6.534709,0.413381
6.539709,0.039426
6.544708,-0.214542
6.549708,0.190642
6.554708,0.483997
6.559707,-0.141466
6.564707,0.194560
6.569706,-0.495916
6.574706,0.480125
6.579706,0.492079
6.584705,0.079178
6.589705,-0.105249
6.594705,-0.306801
6.599704,-0.098326
6.604704,0.270684
6.609704,-0.255005
6.614703,-0.544872
6.619703,0.522624
6.624702,0.032688
6.629702,-0.303569
6.634702,0.071662
6.639701,0.978003
6.644701,0.385921
6.649701,0.124797
6.654700,-0.317049
6.659700,0.658802
6.664700,-0.562857
6.669699,-0.493149
6.674699,-0.016520
6.679698,0.066079
6.684698,0.695142
6.689698,-0.336420
6.694697,0.197794
6.699697,0.789934
6.704697,0.725008
6.709696,-0.105648
6.714696,-0.029143
6.719696,-0.155695
6.724695,0.224673
6.729695,0.855278
6.734694,0.198724
6.739694,-0.099966
6.744694,-0.355792
6.749693,1.014938
6.754693,-0.284297
6.759693,-0.249753
6.764692,0.615537
6.769692,-1.087984
6.774692,0.035951
6.779691,0.203554
6.784691,-0.075192
6.789690,0.672517
6.794690,-0.013720
6.799690,0.244849
6.804689,-0.430159
6.809689,-0.062365
6.814689,0.305836
6.819688,0.477190
6.824688,0.234093
6.829688,-0.059442
6.834687,-0.908073
6.839687,-0.649247
6.844687,0.787536
6.849686,0.217044
6.854686,-0.077103
6.859685,-1.630442
6.864685,0.270217
6.869685,-1.055938
6.874684,0.370794
6.879684,-0.678000
6.884684,-0.840566
6.889683,-0.025868
6.894683,-1.014135
6.899683,0.314874
6.904682,-0.323381
6.909682,0.064940
6.914681,-0.319693
6.919681,-0.568683
6.924681,-0.272228
6.929680,0.280220
6.934680,0.034023
6.939680,0.456400
6.944679,0.529602
6.949679,-0.174745
6.954679,0.265496
6.959678,-0.074438
6.964678,0.568694
6.969677,-0.427743
6.974677,0.261938
6.979677,-1.227234
6.984676,-0.652129
6.989676,-0.352630
6.994676,-0.020766
6.999675,-0.246274
7.004675,-0.577375
7.009675,-1.120459
7.014674,-0.358699
7.019674,0.119906
7.024673,-0.764552
7.029673,0.123668
7.034673,-0.003804
7.039672,-1.213552
7.044672,0.239594
7.049672,0.555285
7.054671,-0.295162
7.059671,-0.006044
7.064671,0.968045
7.069670,0.367493
7.074670,0.590949
7.079669,0.109597
7.084669,0.015161
7.089669,0.517801
7.094668,-0.110107
7.099668,-0.939944
7.104668,0.600146
7.109667,0.008305
7.114667,0.067350
7.119667,0.558653
7.124666,0.103889
7.129666,0.020538
7.134665,-0.445290
7.139665,0.445328
7.144665,-0.235216
7.149664,-0.491610
7.154664,-0.065809
7.159664,0.071553
7.164663,0.196332
7.169663,-0.270305
7.174663,0.062859
7.179662,-0.137283
7.184662,0.090161
7.189662,0.673546
7.194661,0.200217
7.199661,-0.482716
7.204660,0.112170
7.209660,-0.104059
7.214660,0.154481
7.219659,-0.291643
7.224659,-0.132189
7.229659,1.036755
7.234658,0.436540
7.239658,-0.702602
7.244658,0.494087
7.249657,0.206159
7.254657,-0.051226
7.259656,0.434412
7.264656,0.007023
7.269656,-0.795306
7.274655,-0.447720
7.279655,-0.004535
7.284655,0.287245
7.289654,0.359725
7.294654,0.601395
7.299654,0.154868
7.304653,0.224759
7.309653,-0.489039
7.314652,-0.473509
7.319652,-0.886559
7.324652,-1.114964
7.329651,-0.384527
7.334651,-0.397446
7.339651,0.933417
7.344650,-0.418318
7.349650,-0.918237
7.354650,-0.206879
7.359649,0.446514
7.364649,-0.830966
7.369648,-0.362877
7.374648,-0.558733
7.379648,-0.391749
7.384647,0.930400
7.389647,0.048949
7.394647,-0.414879
7.399646,0.272937
7.404646,0.611795
7.409646,-0.309013
7.414645,0.314396
7.419645,0.408364
7.424644,-0.069784
7.429644,0.006461
7.434644,0.291690
7.439643,0.275460
7.444643,0.084346
7.449643,-0.351149
7.454642,0.720598
7.459642,1.001613
7.464642,0.906481
7.469641,-0.701417
7.474641,-0.415994
7.479640,-0.352802
7.484640,-0.346839
7.489640,-0.121418
7.494639,-1.021078
7.499639,0.908961
7.504639,-0.117898
7.509638,-0.203360
7.514638,-0.038735
7.519638,-0.005105
7.524637,0.015025
7.529637,0.474811
7.534636,0.132470
7.539636,-0.759789
7.544636,-0.669688
7.549635,-0.295940
7.554635,-0.544659
7.559635,0.187167
7.564634,-0.119447
7.569634,-0.411470
7.574634,0.382045
7.579633,0.560400
7.584633,-0.226397
7.589633,0.147548
7.594632,0.262352
7.599632,-0.365794
7.604631,0.013057
7.609631,0.961673
7.614631,-0.159341
7.619630,-0.460767
7.624630,0.300338
7.629630,-0.057915
7.634629,-0.055085
7.639629,-0.452182
7.644629,-0.781197
7.649628,0.080944
7.654628,-0.020656
7.659627,-0.443057
7.664627,0.833242
7.669627,0.742045
7.674626,0.122857
7.679626,0.063821
7.684626,-0.227935
7.689625,-0.693286
7.694625,0.560895
7.699625,-0.022996
7.704624,0.286849
7.709624,-0.328442
7.714623,0.081933
7.719623,-0.366812
7.724623,0.110942
7.729622,0.028162
7.734622,1.974723
7.739622,-0.375565
7.744621,0.351334
7.749621,-0.205943
7.754621,0.255912
7.759620,0.111876
7.764620,-0.247589
7.769619,-0.404021
7.774619,0.001834
7.779619,0.300338
7.784618,-0.046959
7.789618,-0.089916
7.794618,-0.190793
7.799617,0.112636
7.804617,0.097253
7.809617,-0.243329
7.814616,0.216874
7.819616,-0.025945
7.824615,0.137754
7.829615,-0.837686
7.834615,0.695058
7.839614,-0.225781
7.844614,-0.328880
7.849614,-0.670851
7.854613,-0.155519
7.859613,-0.258655
7.864613,-0.289730
7.869612,0.117499
7.874612,0.152390
7.879611,-0.508025
7.884611,-0.129492
7.889611,0.016629
7.894610,-0.032931
7.899610,0.106896
7.904610,0.063252
7.909609,0.538544
7.914609,-0.064166
7.919609,0.298919
7.924608,0.047741
7.929608,0.096777
7.934608,-0.452027
7.939607,-0.298081
7.944607,-0.855588
7.949606,-0.304608
7.954606,-0.526254
7.959606,-0.362626
7.964605,-0.806405
7.969605,-0.838315
7.974605,0.031255
7.979604,-0.451656
7.984604,-0.387190
7.989604,0.105272
7.994603,-0.561498
7.999603,0.715046
8.004604,-0.184602
8.009606,-0.059368
8.014608,0.070000
8.019610,-0.221405
8.024612,0.348973
8.029614,-0.069511
8.034616,-0.277221
8.039618,-0.052744
8.044621,0.551193
8.049623,-0.219233
8.054625,-0.570809
8.059627,-0.245615
8.064629,0.280195
8.069631,-0.063439
8.074633,0.379333
8.079635,-0.465469
8.084637,0.801350
8.089639,0.125319
8.094641,-0.214532
8.099643,0.879211
8.104645,-0.090870
8.109647,-0.009776
8.114649,-0.210881
8.119651,-0.655302
8.124653,0.392894
8.129655,0.469521
8.134657,-0.061102
8.139659,-0.148733
8.144661,-0.630364
8.149663,0.323461
8.154665,-0.165914
8.159667,0.438957
8.164669,0.356785
8.169671,0.080128
8.174673,-0.031875
8.179675,-0.037065
8.184677,-0.082766
8.189679,-0.389711
8.194681,-0.567741
8.199683,-0.142965
8.204685,-0.078091
8.209687,0.743167
8.214689,0.007700
8.219691,-0.351336
8.224693,0.117630
8.229695,-0.106454
8.234697,-0.412706
8.239699,-0.523922
8.244701,-0.212225
8.249703,0.357155
8.254705,-0.143251
8.259707,0.476180
8.264709,0.466424
8.269711,-0.543611
8.274714,-0.009863
8.279716,0.670500
8.284718,-0.385149
8.289720,0.370544
8.294722,0.340535
8.299724,-0.072820
8.304726,0.313155
8.309728,0.800800
8.314730,0.899618
8.319732,0.720164
8.324734,0.290036
8.329736,-0.137473
8.334738,0.055943
8.339740,0.375616
8.344742,0.308142
8.349744,0.104395
8.354746,0.494774
8.359748,-0.505774
8.364750,-0.469016
8.369752,0.383926
8.374754,-0.311644
8.379756,0.029695
8.384758,0.449105
8.389760,0.183015
8.394762,0.477927
8.399764,0.165207
8.404766,-0.016708
8.409768,0.168206
8.414770,0.721723
8.419772,0.086496
8.424774,-0.611731
8.429776,-0.382508
8.434778,-0.219384
8.439780,-0.508640
8.444782,0.251952
8.449784,0.241585
8.454786,-0.030498
8.459788,-0.139842
8.464790,0.944065
8.469792,0.155001
8.474794,0.831587
8.479796,0.064609
8.484798,-0.005895
8.489800,0.044586
8.494802,-0.349745
8.499804,-0.483535
8.504807,-0.803415
8.509809,-0.561644
8.514811,-0.498834
8.519813,-0.622927
8.524815,-0.663946
8.529817,-0.983946
8.534819,-0.315689
8.539821,0.430016
8.544823,0.423304
8.549825,-0.239883
8.554827,0.248558
8.559829,-0.215071
8.564831,1.300810
8.569833,-0.404440
8.574835,-0.748986
8.579837,0.007491
8.584839,-0.098518
8.589841,0.584976
8.594843,0.538589
8.599845,-0.147920
8.604847,-0.495385
8.609849,0.415347
8.614851,0.080748
8.619853,0.170054
8.624855,-0.087427
8.629857,-0.652802
8.634859,-0.591954
8.639861,-0.254795
8.644863,0.075820
8.649865,-0.948267
8.654867,-0.382700
8.659869,-0.303492
8.664871,-0.162103
8.669873,-0.509178
8.674875,0.555995
8.679877,0.735930
8.684879,0.097606
8.689881,0.333790
8.694883,-0.660706
8.699885,-0.724021
8.704887,0.830798
8.709889,-0.127120
8.714891,-0.177470
8.719893,-0.453643
8.724895,-0.695875
8.729897,0.500134
8.734900,-0.228584
8.739902,-1.153046
8.744904,0.327893
8.749906,-0.165659
8.754908,-0.193085
8.759910,-0.216758
8.764912,-0.674561
8.769914,0.011388
8.774916,0.662545
8.779918,-0.040454
8.784920,-0.241141
8.789922,0.119336
8.794924,-0.433720
8.799926,0.133857
8.804928,0.366512
8.809930,-0.117613
8.814932,0.363729
8.819934,-0.371070
8.824936,1.070116
8.829938,0.754665
8.834940,0.697955
8.839942,-0.066949
8.844944,0.175500
8.849946,1.027897
8.854948,0.623787
8.859950,-0.555072
8.864952,-0.101323
8.869954,0.431188
8.874956,-0.438034
8.879958,-0.814337
8.884960,-0.072158
8.889962,-0.266966
8.894964,-0.738536
8.899966,-0.032025
8.904968,0.301982
8.909970,0.050184
8.914972,1.005729
8.919974,-0.397414
8.924976,-0.536057
8.929978,-0.785006
8.934980,-0.221542
8.939982,-0.034293
8.944984,0.637387
8.949986,0.010484
8.954988,-0.367958
8.959991,0.121238
8.964993,0.228393
8.969995,0.252686
8.974997,-0.999958
8.979999,-0.124030
8.985001,0.150701
8.990003,-0.406331
8.995005,0.629201
9.000007,-0.400429
9.005009,-0.987775
9.010011,-0.083854
9.015013,0.345978
9.020015,-0.181288
9.025017,-0.900332
9.030019,0.391837
9.035021,0.092962
9.040023,-0.745065
9.045025,0.435626
9.050027,0.036065
9.055029,-0.055309
9.060031,-0.722189
9.065033,-0.248054
9.070035,-0.155817
9.075037,-0.205994
9.080039,0.088882
9.085041,-0.064302
9.090043,0.272535
9.095045,0.678711
9.100047,0.605201
9.105049,-0.291302
9.110051,0.197551
9.115053,0.091640
9.120055,-0.240916
9.125057,0.577301
9.130059,-1.089289
9.135061,0.366189
9.140063,-0.266432
9.145065,0.440346
9.150067,0.489531
9.155069,0.377938
9.160071,0.370440
9.165073,-0.406292
9.170075,-0.151074
9.175077,-0.543063
9.180079,0.015344
9.185081,-0.420451
9.190084,0.386990
9.195086,-0.753335
9.200088,1.045269
9.205090,-0.107840
9.210092,0.990957
9.215094,0.304200
9.220096,-0.387405
9.225098,0.641214
9.230100,-1.023536
9.235102,-0.735476
9.240104,0.510714
9.245106,-0.178314
9.250108,0.038841
9.255110,-0.365770
9.260112,0.408993
9.265114,-0.575803
9.270116,-0.903228
9.275118,0.204704
9.280120,0.231610
9.285122,-0.532505
9.290124,-0.271087
9.295126,0.084660
9.300128,0.124005
9.305130,-0.564141
9.310132,-0.567633
9.315134,0.208674
9.320136,0.756868
9.325138,0.539375
9.330140,0.843452
9.335142,-0.028713
9.340144,0.041919
9.345146,0.138823
9.350148,0.046351
9.355150,0.976778
9.360152,0.302211
9.365154,1.016587
9.370156,-0.109057
9.375158,-0.175874
9.380160,-0.050999
9.385162,-0.776902
9.390164,0.297636
9.395166,0.161073
9.400168,-0.116063
9.405170,-0.578231
9.410172,-0.248726
9.415174,0.380911
9.420177,0.077682
9.425179,0.135377
9.430181,-0.795018
9.435183,0.422537
9.440185,-0.628294
9.445187,-0.170591
9.450189,-0.351559
9.455191,-0.124573
9.460193,0.748043
9.465195,-0.527493
9.470197,-0.033356
9.475199,0.725445
9.480201,-0.239121
9.485203,0.578837
9.490205,0.041608
9.495207,0.444943
9.500209,0.611858
9.505211,-0.047640
9.510213,-0.846764
9.515215,0.520838
9.520217,0.175295
9.525219,-0.207560
9.530221,-0.604611
9.535223,0.300996
9.540225,-0.027155
9.545227,-0.038283
9.550229,-0.396959
9.555231,-0.320426
9.560233,-0.062236
9.565235,1.219393
9.570237,0.482364
9.575239,0.725515
9.580241,0.191286
9.585243,0.619156
9.590245,0.094547
9.595247,-0.435845
9.600249,0.166693
9.605251,0.599299
9.610253,-0.065552
9.615255,0.497564
9.620257,0.083998
9.625259,0.030340
9.630261,-0.319536
9.635263,0.304813
9.640265,0.468895
9.645267,-0.555090
9.650270,0.024735
9.655272,-0.981704
9.660274,-0.140505
9.665276,-1.009265
9.670278,-0.400749
9.675280,0.704898
9.680282,-0.607938
9.685284,0.228523
9.690286,-0.644494
9.695288,-0.321169
9.700290,0.047616
9.705292,-0.005738
9.710294,-0.007821
9.715296,0.654485
9.720298,0.530430
9.725300,0.027784
9.730302,0.205968
9.735304,0.236991
9.740306,-0.755455
9.745308,0.690462
9.750310,-0.245607
9.755312,-0.184972
9.760314,-0.750176
9.765316,-0.130634
9.770318,0.094256
9.775320,-0.280567
9.780322,-0.290632
9.785324,0.400002
9.790326,-0.362240
9.795328,-0.041890
9.800330,0.580405
9.805332,0.087079
9.810334,0.193465
9.815336,-0.737494
9.820338,-0.103913
9.825340,-0.053941
9.830342,-0.017275
9.835344,1.005036
9.840346,0.099734
9.845348,0.612520
9.850350,0.165278
9.855352,0.415622
9.860354,0.354795
9.865356,0.015462
9.870358,0.598704
9.875360,0.069667
9.880363,-0.086906
9.885365,0.302558
9.890367,0.183574
9.895369,1.024101
9.900371,-0.183508
9.905373,-0.062867
9.910375,0.714970
9.915377,0.058559
9.920379,-0.110807
9.925381,-0.072540
9.930383,0.023626
9.935385,0.571561
9.940387,0.069364
9.945389,-0.082827
9.950391,0.252164
9.955393,-0.688211
9.960395,-0.838787
9.965397,0.082286
9.970399,0.189908
9.975401,0.234575
9.980403,-0.218379
9.985405,-0.077385
9.990407,-0.284033
9.995409,0.401774
